3794	0.000050707798767270894
3795	0.00006044218196046271
3796	0.00007022751878293897
3797	0.00008006358124409621
3798	0.00008995069161462294
3799	0.00009988951378459095
3800	0.00010987884318597614
3801	0.00011980399679774164
3802	0.00012976132765068932
3803	0.0001397510694695598
3804	0.00014977327280114955
3805	0.0001598279440215512
3806	0.00016991572032583945
3807	0.00018003560533636992
3808	0.0001901883781640727
3809	0.00020037392293205302
3810	0.00021059160018669574
3811	0.00022088213681975267
3812	0.0002312089085202604
3813	0.00024157185262032216
3814	0.0002519721587255164
3815	0.00026240835371195
3816	0.00027288164983569686
3817	0.0002833917922568153
3818	0.00029393796505000315
3819	0.00030452183395918354
3820	0.00031514222745123214
3821	0.00032582208483609716
3822	0.0003365404680505485
3823	0.000347295932904399
3824	0.000358090941113552
3825	0.0003689253451828038
3826	0.00037979676532782163
3827	0.0003907087214867798
3828	0.0004016585239205829
3829	0.0004126477175245396
3830	0.0004236760229175313
3831	0.0005054459095539443
3832	0.0005875557814572451
3833	0.0006700043761048018
3834	0.0007527919366624107
3835	0.0008359237453828492
3836	0.0009193944334671447
3837	0.0010032078198470794
3838	0.0010873637780664709
3839	0.0011718615702061774
3840	0.0012567050074781124
3841	0.0013418113065659005
3842	0.0014272554026212175
3843	0.001513030990123913
3844	0.001599147751184315
3845	0.0016855994690669592
3846	0.0017723870441408763
3847	0.0018595176026948523
3848	0.0019469881248575936
3849	0.002034798977399783
3850	0.002122943890833161
3851	0.0022961443966373176
3852	0.002470091869785623
3853	0.002644777299990102
3854	0.0028202232522659557
3855	0.0029964178450937453
3856	0.0031733696129278323
3857	0.0033510725394209333
3858	0.00352953687496876
3859	0.0037087489997103236
3860	0.0038887263727329824
3861	0.0041720001799339075
3862	0.004456391827100052
3863	0.004741914081859181
3864	0.005028569578718105
3865	0.005316367553100261
3866	0.005605303568963997
3867	0.005895371092710731
3868	0.006186582375237247
3869	0.006478954016326705
3870	0.0067724544801196175
3871	0.007222101930279358
3872	0.0076736614105687405
3873	0.008127161558297024
3874	0.008582581879019575
3875	0.009039949500457311
3876	0.009499259568916854
3877	0.009960514676432842
3878	0.010423704506238234
3879	0.010888877284375563
3880	0.011355975423520204
3881	0.012002284322783595
3882	0.01265143919140591
3883	0.013303451622531933
3884	0.013958323528592657
3885	0.014616063470103538
3886	0.015276652950266449
3887	0.015940167565817898
3888	0.01660652275368889
3889	0.017275788658017106
3890	0.01794793247206259
3891	0.018789718913041525
3892	0.019634908620158965
3893	0.02048365137042294
3894	0.021335783436361836
3895	0.022191393969246076
3896	0.023050560599120227
3897	0.0239131823884734
3898	0.024779341844274973
3899	0.025648945369751503
3900	0.02652206753720884
3901	0.027434665232634235
3902	0.028351308952234557
3903	0.02927186095809603
3904	0.03019644769701124
3905	0.031124984722729284
3906	0.03205753572473913
3907	0.03299409332063063
3908	0.03393468541403749
3909	0.03487935086476107
3910	0.03582796010356815
3911	0.03682986200526094
3912	0.0378358594543797
3913	0.03884576301977575
3914	0.03985973298061874
3915	0.04087762401407782
3916	0.04189965029090956
3917	0.042925659050882914
3918	0.043955771685162286
3919	0.044989943954965805
3920	0.04602805381467027
3921	0.04701517845089593
3922	0.048006293484213834
3923	0.04900147612238657
3924	0.050000547520902355
3925	0.051003622982401034
3926	0.052010809171586375
3927	0.05302194355973693
3928	0.054037136897676856
3929	0.05505644393768611
3930	0.05607989025248242
3931	0.05715563794089352
3932	0.058235349106945396
3933	0.059318975961655085
3934	0.06040652133003776
3935	0.06149790172126022
3936	0.06259345953311381
3937	0.06369261330407396
3938	0.06479596460806232
3939	0.06590319310849996
3940	0.0670142805497524
3941	0.06801810812534434
3942	0.0690261445069206
3943	0.07003756624111963
3944	0.07105300590216806
3945	0.07207231954642138
3946	0.07309549775615827
3947	0.0741226448565024
3948	0.07515356450351378
3949	0.07618848317491105
3950	0.07722699891837807
3951	0.07841404589407625
3952	0.07960515572743536
3953	0.08080048771690021
3954	0.08200013028720712
3955	0.08320374552913469
3956	0.08441183605828764
3957	0.08562413655253374
3958	0.08684045766777314
3959	0.08806112509587749
3960	0.0892862873764205
3961	0.09045722198091578
3962	0.09163245580990002
3963	0.09281211337713638
3964	0.09399557733242193
3965	0.09518337650091237
3966	0.09637562427554996
3967	0.09757171967941657
3968	0.09877238527214877
3969	0.09997716134707822
3970	0.10118605176351637
3971	0.1025150585126756
3972	0.10384857115368831
3973	0.10518650919992274
3974	0.10652868596178322
3975	0.10787530045222646
3976	0.10922647405626186
3977	0.11058206102415112
3978	0.11194225497323673
3979	0.11330644905711452
3980	0.11467540831945157
3981	0.11590210420386965
3982	0.117132727263637
3983	0.11836795901106147
3984	0.11960731660454933
3985	0.12085049840178744
3986	0.12209888627389678
3987	0.12335093936624544
3988	0.12460748183688942
3989	0.12586831890602207
3990	0.12713348805004177
3991	0.1283419698680508
3992	0.12955417052904608
3993	0.13076990124630222
3994	0.13198971145866156
3995	0.1332130945674087
3996	0.13444039967784305
3997	0.1356711069784239
3998	0.13690611240913267
3999	0.13814450810989676
4000	0.13938634533334554
4001	0.14035905657067593
4002	0.1413335689123958
4003	0.14230989510990538
4004	0.14328802587095724
4005	0.14426779414679824
4006	0.14524916424598303
4007	0.14623252126742894
4008	0.14721788194869637
4009	0.14820524024521003
4010	0.14919425272824097
4011	0.1501731044084912
4012	0.15115403989622436
4013	0.1521364405286288
4014	0.15312073296807252
4015	0.15410670674294763
4016	0.1550943512357051
4017	0.15608329101643412
4018	0.15707430274532866
4019	0.15806682926189286
4020	0.15906143821032032
4021	0.16000846941365052
4022	0.16095750123593408
4023	0.1619081234236794
4024	0.1628609421971342
4025	0.1638153801772422
4026	0.16477157693280042
4027	0.16572959791832464
4028	0.16668921200060005
4029	0.16765101681146413
4030	0.1686144440048658
4031	0.16987636621755609
4032	0.1711406506070926
4033	0.1724071292471985
4034	0.17367550775942103
4035	0.1749463393252444
4036	0.17621950874736797
4037	0.17749447005659616
4038	0.17877178605028848
4039	0.18005153228695908
4040	0.18133322323882778
4041	0.1825602525264091
4042	0.1837895861435562
4043	0.1850203012718526
4044	0.18625331491063993
4045	0.18748822994253317
4046	0.18872452161421985
4047	0.18996288922772317
4048	0.19120338292179878
4049	0.19244572568484267
4050	0.19368943810411787
4051	0.19517075488434588
4052	0.19665382609099338
4053	0.19813913872237013
4054	0.19962597215581052
4055	0.20111511161286091
4056	0.20260675328781166
4057	0.20409991304459008
4058	0.2055955845757581
4059	0.20709254487152723
4060	0.20859147412438406
4061	0.20967869442182663
4062	0.21076645932401536
4063	0.21185634452205748
4064	0.21294760073609495
4065	0.21404075554975613
4066	0.2151352317548282
4067	0.21623161166646834
4068	0.21732909372181997
4069	0.21842871898322536
4070	0.2195299870346721
4071	0.2205728286595399
4072	0.221617276810753
4073	0.22266281610528563
4074	0.2237105300225644
4075	0.2247595761693883
4076	0.2258114003248403
4077	0.22686370536200182
4078	0.22791767440742863
4079	0.2289732561678274
4080	0.2300307360147044
4081	0.23050045284583107
4082	0.23097007523036417
4083	0.2314405649986898
4084	0.2319112619265609
4085	0.23238277447219766
4086	0.23285481703422964
4087	0.23332740796607457
4088	0.2338008364004458
4089	0.23427420057691628
4090	0.23474896447148852
4091	0.2353381281411985
4092	0.2359283571844304
4093	0.2365189432195921
4094	0.23711114585638132
4095	0.23770346913003923
4096	0.23829587256317136
4097	0.23889019366785136
4098	0.2394846325447683
4099	0.2400794629822493
4100	0.24067533229792065
4101	0.2411967588387784
4102	0.24171896506612567
4103	0.24224143044785668
4104	0.24276437810892906
4105	0.24328816414699503
4106	0.24381177706485985
4107	0.24433624763691858
4108	0.2448615405663272
4109	0.2453876013664746
4110	0.24591354234056317
4111	0.24665868143344905
4112	0.24740540006034376
4113	0.24815297926205857
4114	0.2489011895153789
4115	0.2496502594927086
4116	0.25040057457638826
4117	0.25115148169046647
4118	0.2519029012713863
4119	0.25265655926365255
4120	0.2534098575150107
4121	0.2541151873534319
4122	0.254821137267137
4123	0.25552741286081904
4124	0.25623505531517593
4125	0.25694227446538476
4126	0.2576505068843305
4127	0.2583596962868966
4128	0.2590695271374353
4129	0.2597803188649004
4130	0.26049113430754217
4131	0.2614019814177108
4132	0.2623144166153241
4133	0.26322707365747494
4134	0.2641412636997893
4135	0.2650553666600407
4136	0.26597131157081955
4137	0.26688755245559576
4138	0.26780531617973563
4139	0.2687229607794133
4140	0.26964283368212694
4141	0.2701073348626703
4142	0.2705730034900646
4143	0.27103857571029494
4144	0.27150463152764465
4145	0.2719718797098953
4146	0.2724389878099823
4147	0.2729073329253296
4148	0.2733758717339993
4149	0.2738445820167978
4150	0.274314197711192
4151	0.2747049812721927
4152	0.27509500396648545
4153	0.27548597019615817
4154	0.2758761299680202
4155	0.2762679320049497
4156	0.27665930690493257
4157	0.2770509516632052
4158	0.2774435032045238
4159	0.2778349237241732
4160	0.27822729350834297
4161	0.2781346683167559
4162	0.27804181413477164
4163	0.2779481571037421
4164	0.277854887543916
4165	0.27776109155197004
4166	0.2776670666110479
4167	0.2775736187684585
4168	0.27747922022522264
4169	0.27738421102991473
4170	0.27729007451187
4171	0.2774515733836541
4172	0.2776144840967381
4173	0.2777764327052457
4174	0.27793877605471
4175	0.27810051670688596
4176	0.27826297076911577
4177	0.2784254591017644
4178	0.27858768402375855
4179	0.2787503470584504
4180	0.27891266134334747
4181	0.278835197050118
4182	0.27875741166996004
4183	0.2786791564101137
4184	0.27860098386127236
4185	0.2785226174323491
4186	0.2784440569631893
4187	0.27836530229351764
4188	0.278285886595282
4189	0.2782073793388464
4190	0.27812689651614014
4191	0.27864404749170857
4192	0.27916141708820574
4193	0.27967936731924525
4194	0.28019757975883325
4195	0.28071496413935354
4196	0.28123406332522044
4197	0.28175224623361556
4198	0.28227141937359784
4199	0.2827908546641406
4200	0.2833104874639432
4201	0.2836459149959188
4202	0.2839811367475345
4203	0.2843176012948679
4204	0.2846534925611984
4205	0.2849900009622495
4206	0.28532619426480066
4207	0.2856633101395791
4208	0.2860001975251156
4209	0.28633731272260815
4210	0.2866749178158717
4211	0.2875269171894525
4212	0.28837977912602936
4213	0.28923355099220444
4214	0.2900881040272083
4215	0.29094286497180394
4216	0.2917973426293209
4217	0.29265335690711397
4218	0.2935092413203949
4219	0.2943666485990153
4220	0.29522390226289247
4221	0.29562764126407165
4222	0.29603157374027855
4223	0.2964364218807862
4224	0.29684071989105926
4225	0.2972459582415774
4226	0.29765019136007365
4227	0.29805536575236624
4228	0.2984610755673823
4229	0.298866958227717
4230	0.2992722846360521
4231	0.3000917361762792
4232	0.30091262330479396
4233	0.3017326354093157
4234	0.30255330625508425
4235	0.30337389984744745
4236	0.30419503855507124
4237	0.30501691030150235
4238	0.30583872707560633
4239	0.3066610931631665
4240	0.307483706390792
4241	0.3078892302998553
4242	0.3082954960108402
4243	0.3087022240386776
4244	0.30910906280745815
4245	0.30951495192942247
4246	0.3099219401030203
4247	0.3103282828723406
4248	0.31073549141397394
4249	0.31114238428441654
4250	0.3115494105278829
4251	0.3122180130776268
4252	0.31288566200451756
4253	0.3135534716718412
4254	0.314222374626647
4255	0.3148910337355084
4256	0.31555951798420373
4257	0.3162289804382765
4258	0.31689870196539477
4259	0.31756856179017484
4260	0.3182379050509477
4261	0.3184018650174814
4262	0.3185658694831426
4263	0.31872950589833915
4264	0.3188923608632657
4265	0.31905652227915976
4266	0.3192199261528851
4267	0.31938451666815165
4268	0.31954834916915403
4269	0.3197118605886464
4270	0.319876584749798
4271	0.3204186775343342
4272	0.32096089416578416
4273	0.32150404223989104
4274	0.32204616398767827
4275	0.322588800761257
4276	0.3231316344849498
4277	0.32367498569174524
4278	0.3242176959119017
4279	0.32476213489778843
4280	0.3253051401132749
4281	0.3254537601078335
4282	0.3256028106723584
4283	0.32575095303887813
4284	0.3258999973559483
4285	0.3260486291047733
4286	0.32619759279446503
4287	0.32634651614269816
4288	0.32649465330518496
4289	0.32664394307178923
4290	0.32679329220451697
4291	0.3272169183326416
4292	0.3276410830145342
4293	0.3280645389344725
4294	0.3284885333725303
4295	0.32891259211212
4296	0.32933764268039595
4297	0.3297615794144574
4298	0.33018678576535965
4299	0.3306122089259091
4300	0.33103646301726064
4301	0.3310263899817279
4302	0.3310159313593668
4303	0.33100501159211526
4304	0.33099521835876206
4305	0.33098463638269654
4306	0.3309740217110233
4307	0.33096375231786984
4308	0.33095385336804695
4309	0.3309435437537685
4310	0.3309336045689224
4311	0.3313016947691771
4312	0.33167068417195955
4313	0.332040246667507
4314	0.33240997877142725
4315	0.3327798552317782
4316	0.33314982532167337
4317	0.3335195841803372
4318	0.3338898931992162
4319	0.33426075372316544
4320	0.33463091881743395
4321	0.3346611201784687
4322	0.3346904509194593
4323	0.3347209748276721
4324	0.33475111222511633
4325	0.334781117878691
4326	0.33481073688438096
4327	0.3348407338485611
4328	0.3348703186202046
4329	0.3349010717348979
4330	0.3349305713531275
4331	0.3351442456419429
4332	0.3353583212611462
4333	0.3355723902381583
4334	0.33578645253866085
4335	0.33600053370486305
4336	0.3362145569728532
4337	0.3364281380816636
4338	0.33664222429308294
4339	0.33685625243902456
4340	0.3370707098697905
4341	0.3371221885913853
4342	0.3371732166717707
4343	0.337225102985982
4344	0.3372756914961908
4345	0.33732754917426927
4346	0.3373789047260286
4347	0.3374302972754395
4348	0.3374816754713616
4349	0.3375334503507661
4350	0.33758526237928993
4351	0.33783642269363723
4352	0.33808718434703056
4353	0.33833878245002325
4354	0.3385907292140881
4355	0.33884191650931567
4356	0.33909345233665905
4357	0.33934544074471346
4358	0.3395973658181721
4359	0.33984891703921605
4360	0.34009996415980775
4361	0.34025298246734964
4362	0.3404043185035484
4363	0.34055687262828965
4364	0.3407085463078893
4365	0.3408611281201439
4366	0.3410129065470462
4367	0.3411654641340115
4368	0.3413180486783046
4369	0.3414701924889986
4370	0.341622752793335
4371	0.3417816967448613
4372	0.3419397881634859
4373	0.34209910825621415
4374	0.34225809615776953
4375	0.3424169858682588
4376	0.34257635065680736
4377	0.3427349133692697
4378	0.3428942903839528
4379	0.3430541695662273
4380	0.34321267149398943
4381	0.3432919311448235
4382	0.34337115782501976
4383	0.3434507173158337
4384	0.3435302700794851
4385	0.3436089273404042
4386	0.34368844028971485
4387	0.34376792032629566
4388	0.34384694891199097
4389	0.3439267554004224
4390	0.3440052729910034
4391	0.34386845143578854
4392	0.34373164773584225
4393	0.3435949141488147
4394	0.3434576235951954
4395	0.34332129139875234
4396	0.34318489834476895
4397	0.34304849670171433
4398	0.34291206040631506
4399	0.34277483345417353
4400	0.342638849521786
4401	0.3424604358546044
4402	0.342281965210637
4403	0.34210385391394466
4404	0.341926127330967
4405	0.3417475113088349
4406	0.34156883845282365
4407	0.3413901088057909
4408	0.3412126456934934
4409	0.3410341389927989
4410	0.3408561454645313
4411	0.34091730006531146
4412	0.3409784134201971
4413	0.34104044493553115
4414	0.3411020205094004
4415	0.3411631399270078
4416	0.34122471096367707
4417	0.3412862148960985
4418	0.34134731433286786
4419	0.3414096442272666
4420	0.3414707131163026
4421	0.34129361612439024
4422	0.34111567851126817
4423	0.3409377569373702
4424	0.34076023995644933
4425	0.3405823503198294
4426	0.3404041145624859
4427	0.3402266452616675
4428	0.3400488298593771
4429	0.33987059148064847
4430	0.3396928344671493
4431	0.3398516189747276
4432	0.3400108224664539
4433	0.34017000602974967
4434	0.34032878169883135
4435	0.3404875370496585
4436	0.3406458320016268
4437	0.3408045205549394
4438	0.340964095499712
4439	0.3411223548086489
4440	0.3412801524822607
4441	0.3413860796925054
4442	0.3414928020416815
4443	0.3415983217617283
4444	0.3417034426087697
4445	0.3418089432918207
4446	0.34191487608089993
4447	0.34202030593170496
4448	0.34212577821419643
4449	0.34223038301353775
4450	0.34233625205324664
4451	0.34259685367565007
4452	0.3428577728392993
4453	0.34311869757457414
4454	0.3433790802441377
4455	0.34363936346995044
4456	0.34389999118088926
4457	0.34416015387498616
4458	0.34442021684876145
4459	0.3446802846866106
4460	0.34493980733196017
4461	0.34516516048806656
4462	0.3453884833669177
4463	0.3456134992241258
4464	0.34583763734925815
4465	0.3460618421382972
4466	0.34628611367459644
4467	0.34651026784781236
4468	0.3467344623741641
4469	0.34695872363389507
4470	0.3471829989846067
4471	0.3474532739233384
4472	0.3477229518082135
4473	0.34799269191444565
4474	0.3482628117588679
4475	0.3485328623962968
4476	0.348802446488837
4477	0.3490720400902102
4478	0.34934190851026836
4479	0.3496109907257826
4480	0.3498808787786441
4481	0.35008702084592086
4482	0.350293457050317
4483	0.35049986868419003
4484	0.35070532397700277
4485	0.3509115528770099
4486	0.35111730407431135
4487	0.3513229768701579
4488	0.35152899815815286
4489	0.35173365988438565
4490	0.35193949765993277
4491	0.352175893861019
4492	0.3524130897854665
4493	0.35264948103174354
4494	0.3528862177569375
4495	0.35312163896490817
4496	0.353359121300119
4497	0.35359491170709706
4498	0.35383107465653735
4499	0.3540676646430184
4500	0.35430301540780623
4501	0.3543455311554706
4502	0.3543876660314068
4503	0.35442971578799587
4504	0.3544709541005702
4505	0.3545133446174201
4506	0.3545544392965976
4507	0.3545964173041853
4508	0.35463790645365784
4509	0.3546794179551999
4510	0.35472081723388693
4511	0.3548549334560896
4512	0.3549885467417415
4513	0.35512265355700257
4514	0.35525655362131014
4515	0.3553901119079812
4516	0.3555240294174545
4517	0.35565830656287084
4518	0.3557908381954134
4519	0.35592416083644424
4520	0.35605787015836404
4521	0.3560220504276551
4522	0.355987113852146
4523	0.3559521419723035
4524	0.3559167297736876
4525	0.35588176836029584
4526	0.35584677165793727
4527	0.35581133478879357
4528	0.3557759976920019
4529	0.35574049046796136
4530	0.35570546077717785
4531	0.35562667289769573
4532	0.35554782876283625
4533	0.35546860483995224
4534	0.35538932489633074
4535	0.355310474106542
4536	0.35523162104195977
4537	0.35515238855737485
4538	0.35507269612342757
4539	0.35499380961314836
4540	0.3549150016149438
4541	0.35481206332402837
4542	0.3547112957589612
4543	0.3546101149537102
4544	0.354507607086089
4545	0.3544058968738687
4546	0.35430337128397515
4547	0.35420209958049187
4548	0.3540995830364104
4549	0.35399831963233513
4550	0.35389575845455884
4551	0.3536302070934138
4552	0.35336418547489695
4553	0.3530988195371676
4554	0.35283343898511516
4555	0.352567616205427
4556	0.3523019935888805
4557	0.35203726496215443
4558	0.35177169445308093
4559	0.35150619046419496
4560	0.35124083291189334
4561	0.35111619568425834
4562	0.3509902980072342
4563	0.35086558908409976
4564	0.3507405781801063
4565	0.35061499975512417
4566	0.3504894922945175
4567	0.35036482618809106
4568	0.3502387961935681
4569	0.35011331529120365
4570	0.3499881174930757
4571	0.34970259606676163
4572	0.34941712573648387
4573	0.34913091232524046
4574	0.3488464442209751
4575	0.3485602550029641
4576	0.34827496341370345
4577	0.347989380016435
4578	0.34770419113414985
4579	0.3474191325088253
4580	0.3471332037924252
4581	0.3471267021797542
4582	0.34711976565247427
4583	0.34711365751046885
4584	0.3471070618170145
4585	0.34710050494240186
4586	0.3470939342494413
4587	0.34708692869128205
4588	0.3470799356493189
4589	0.34707324457449773
4590	0.3470661976084008
4591	0.3469815224643456
4592	0.3468971857930844
4593	0.3468133451050565
4594	0.3467281336436217
4595	0.34664473238556975
4596	0.34656003964113374
4597	0.34647526468125783
4598	0.34639051261217896
4599	0.34630580967215807
4600	0.34622147080004173
4601	0.3465621408295623
4602	0.34690230650370213
4603	0.34724238769956756
4604	0.34758201545312145
4605	0.34792203256748544
4606	0.3482615427636186
4607	0.3486005447498314
4608	0.3489403596573496
4609	0.3492797192247105
4610	0.3496198412436779
4611	0.3495705560804851
4612	0.3495207858496838
4613	0.3494710869802876
4614	0.3494217772027301
4615	0.34937288279447254
4616	0.34932358290968485
4617	0.3492733483938927
4618	0.34922448201044204
4619	0.34917470761293856
4620	0.3491249515549924
4621	0.349530174186756
4622	0.34993499623979135
4623	0.3503407435821383
4624	0.3507463563767788
4625	0.3511507433726605
4626	0.3515568568705779
4627	0.3519608363278444
4628	0.35236561095710395
4629	0.3527712903546883
4630	0.35317611175137364
4631	0.35345932991820905
4632	0.353743006893979
4633	0.35402515943347057
4634	0.35430908526505495
4635	0.35459202220910346
4636	0.35487404877819223
4637	0.35515688467676976
4638	0.35543958970834244
4639	0.35572132853426386
4640	0.3560043100612051
4641	0.35618143244525635
4642	0.3563580054185874
4643	0.35653505429319976
4644	0.3567115532430103
4645	0.35688944747497187
4646	0.3570658457426143
4647	0.3572423150146425
4648	0.3574191260860971
4649	0.3575959274631006
4650	0.35777271917039355
4651	0.3579143619793487
4652	0.3580569072727919
4653	0.35819897288418806
4654	0.35834020557783525
4655	0.3584826943734287
4656	0.35862426852669044
4657	0.3587662579868338
4658	0.35890787523537
4659	0.3590502343688468
4660	0.3591917046617006
4661	0.3595456944810795
4662	0.3598987341434302
4663	0.36025215727533727
4664	0.3606056101737815
4665	0.36095898368915147
4666	0.3613127973099911
4667	0.36166568353543177
4668	0.3620186262592636
4669	0.3623718999966578
4670	0.36272523120756306
4671	0.36274359858124267
4672	0.3627620159649831
4673	0.36278040099066877
4674	0.3627984241509203
4675	0.36281682682084787
4676	0.3628356364983956
4677	0.362853589999273
4678	0.36287244482729125
4679	0.3628899490900347
4680	0.3629083547102637
4681	0.36272866420471167
4682	0.36255030491443785
4683	0.3623716020813298
4684	0.36219148734530987
4685	0.3620127844703325
4686	0.3618332187819256
4687	0.36165407782459424
4688	0.3614749506920314
4689	0.3612953999814743
4690	0.36111632805383237
4691	0.3610194399066928
4692	0.3609220935808183
4693	0.3608261186072167
4694	0.36072883913273734
4695	0.3606324117899298
4696	0.360535117392487
4697	0.36043826562053033
4698	0.360341419915017
4699	0.360244580276695
4700	0.3601473380135184
4701	0.36010889438877075
4702	0.36006957687325275
4703	0.3600306114154919
4704	0.3599922157481314
4705	0.3599532732528136
4706	0.3599143831054487
4707	0.35987549084094095
4708	0.3598361609488024
4709	0.35979677461539106
4710	0.35975741349955626
4711	0.35994634196732633
4712	0.3601356917163249
4713	0.3603249184133996
4714	0.36051456734878473
4715	0.3607032205981293
4716	0.36089136808095745
4717	0.3610798830595236
4718	0.36126745465479687
4719	0.3614553937577191
4720	0.3616437283922083
4721	0.36131590906994226
4722	0.3609885628481636
4723	0.36066122474851636
4724	0.36033348600371484
4725	0.36000660014680197
4726	0.35967838876330444
4727	0.3593497523510309
4728	0.3590220225036934
4729	0.35869473559991044
4730	0.3583670232187341
4731	0.35839019401796895
4732	0.35841382167997576
4733	0.358437960490557
4734	0.3584620412986439
4735	0.35848479002147726
4736	0.35850883605617095
4737	0.35853252585025963
4738	0.3585560762450573
4739	0.35857932453488495
4740	0.35860286720910556
4741	0.3584822969235882
4742	0.35836125705247207
4743	0.3582403169338264
4744	0.3581202075809175
4745	0.357998356658207
4746	0.3578773907128185
4747	0.35775687604943773
4748	0.3576355954133681
4749	0.3575146849105573
4750	0.3573938199189351
4751	0.3577693883697098
4752	0.35814463204291486
4753	0.35851979379281695
4754	0.3588950632188341
4755	0.35927030476518007
4756	0.3596460348745696
4757	0.3600218194916084
4758	0.3603962963849007
4759	0.3607716433759451
4760	0.3611466071622377
4761	0.36108765147796673
4762	0.36102864534926754
4763	0.3609696979584342
4764	0.360910263600702
4765	0.36085042436701714
4766	0.3607914896418014
4767	0.3607320682032202
4768	0.3606722693649626
4769	0.3606132927799895
4770	0.3605535026858847
4771	0.3609646807951173
4772	0.36137680622128815
4773	0.3617879403773319
4774	0.362199175001091
4775	0.36261086670032533
4776	0.36302301695550787
4777	0.3634343910041403
4778	0.3638461137753502
4779	0.3642578835057639
4780	0.3646692041177936
4781	0.3645664697602849
4782	0.3644637732129557
4783	0.36436150002432227
4784	0.364258328254453
4785	0.3641551945410258
4786	0.3640529518867171
4787	0.3639498389484105
4788	0.3638471215395629
4789	0.3637444969012181
4790	0.3636418550208887
4791	0.36371000980215584
4792	0.36377813140499116
4793	0.36384619231446025
4794	0.3639147701034816
4795	0.36398240703241225
4796	0.3640500931290055
4797	0.36411862649429716
4798	0.36418624601002103
4799	0.3642547681397069
4800	0.3643228441804679
4801	0.364287647654769
4802	0.3642515139556595
4803	0.3642158196583468
4804	0.3641810600071022
4805	0.3641448680640111
4806	0.36410925296285007
4807	0.36407402191801014
4808	0.3640383220067878
4809	0.3640035287012983
4810	0.36396782648627923
4811	0.3640158781109966
4812	0.36406483574820714
4813	0.36411332407770264
4814	0.36416192076934484
4815	0.36421131384013006
4816	0.364259797179486
4817	0.36430874674870567
4818	0.364357281787593
4819	0.36440617304769296
4820	0.36445473227120057
4821	0.3641926857699868
4822	0.3639300846120457
4823	0.3636678640887275
4824	0.36340574875041315
4825	0.36314264094346654
4826	0.36287991348089316
4827	0.3626185516117988
4828	0.3623557601929325
4829	0.3620925543829701
4830	0.36183019232838926
4831	0.36181880565401925
4832	0.361806070835976
4833	0.3617942289905974
4834	0.36178106651252007
4835	0.3617687696325781
4836	0.36175643652650064
4837	0.361743712006392
4838	0.3617304595265872
4839	0.36171856422793
4840	0.3617067146214029
4841	0.3615279331605843
4842	0.36134919350437067
4843	0.36117145028894426
4844	0.3609931753088763
4845	0.36081456014236574
4846	0.3606362862009949
4847	0.36045810799827643
4848	0.3602790459661832
4849	0.36010176638546926
4850	0.3599235758277384
4851	0.35998203386344646
4852	0.3600408891964109
4853	0.36010022357722415
4854	0.3601590582069723
4855	0.36021701208838075
4856	0.36027582581481304
4857	0.36033511887275255
4858	0.36039393910294315
4859	0.36045274895125057
4860	0.36051149398007165
4861	0.3603125229286742
4862	0.36011441690819157
4863	0.3599157342204217
4864	0.3597170731990523
4865	0.3595183522857375
4866	0.3593191103478424
4867	0.35912062236062353
4868	0.3589217218608439
4869	0.3587227614874011
4870	0.35852368711739313
4871	0.3585121826721358
4872	0.35850018991911486
4873	0.358489143094863
4874	0.35847755384878305
4875	0.35846650454172246
4876	0.3584549669779468
4877	0.3584434282077024
4878	0.35843148243653083
4879	0.35842037409930244
4880	0.3584092915626849
4881	0.3584119360589841
4882	0.35841414507959607
4883	0.35841770390065525
4884	0.3584203403508668
4885	0.35842256838714603
4886	0.3584256593064383
4887	0.35842869343872796
4888	0.35843137325693897
4889	0.35843356353287187
4890	0.3584370764638021
4891	0.3586382471047887
4892	0.35883977508871373
4893	0.35904185058284516
4894	0.3592434714841133
4895	0.35944558623279266
4896	0.359647354362336
4897	0.3598485851940567
4898	0.36005126086835504
4899	0.360253127728326
4900	0.36045491865975904
4901	0.3606142626023333
4902	0.3607727327551299
4903	0.3609307092257083
4904	0.36108960791411204
4905	0.3612485306644485
4906	0.3614073684547378
4907	0.36156576660268824
4908	0.36172380641631735
4909	0.3618830980369779
4910	0.3620415402062737
4911	0.3624343751022411
4912	0.3628273400311408
4913	0.36322120233625044
4914	0.3636142094138426
4915	0.3640072643679382
4916	0.36439995489318094
4917	0.3647949209573146
4918	0.3651877076629778
4919	0.36558098237496883
4920	0.365975215677606
4921	0.365943441157643
4922	0.36591127420386793
4923	0.3658790460498216
4924	0.3658468118933126
4925	0.36581550968169146
4926	0.36578331859198765
4927	0.3657510387491786
4928	0.3657188080701791
4929	0.36568795013750943
4930	0.3656556797366299
4931	0.3656518539596863
4932	0.3656479839692111
4933	0.36564448331549604
4934	0.3656405800379958
4935	0.3656370460798545
4936	0.3656330543897782
4937	0.3656291012059964
4938	0.36562562757844563
4939	0.3656220270371211
4940	0.3656175829248442
4941	0.36583268088148263
4942	0.3660478703249143
4943	0.3662626543309082
4944	0.3664774189082763
4945	0.36669227451817465
4946	0.3669089637187119
4947	0.36712347681181473
4948	0.3673379421280306
4949	0.36755341232080574
4950	0.3677684197984586
4951	0.36778952822100336
4952	0.36781068557793134
4953	0.36783086607039384
4954	0.36785148358679065
4955	0.3678725381773493
4956	0.36789317033569574
4957	0.36791426733139615
4958	0.3679344150003664
4959	0.36795547119811056
4960	0.3679765208769745
4961	0.3679838344701617
4962	0.3679905845594242
4963	0.3679982964028472
4964	0.36800550020493716
4965	0.3680127783372076
4966	0.36802046358581203
4967	0.36802766852094004
4968	0.3680348645883585
4969	0.3680425232371945
4970	0.3680497015684299
4971	0.3680477042367187
4972	0.36804476217108895
4973	0.3680426224560484
4974	0.3680400926607909
4975	0.3680375610233009
4976	0.3680344729818306
4977	0.36803282496735246
4978	0.36803012145564423
4979	0.3680269447795437
4980	0.3680242930960041
4981	0.36803792954253595
4982	0.36805109104704814
4983	0.36806433212362066
4984	0.3680775141390817
4985	0.36809074800218006
4986	0.36810389507324315
4987	0.36811712172150046
4988	0.36813028930378283
4989	0.36814439609643235
4990	0.3681571127892497
4991	0.3682930967498414
4992	0.36842951296895227
4993	0.3685664729202033
4994	0.3687029496796299
4995	0.3688389704924413
4996	0.36897592431292253
4997	0.36911250555236497
4998	0.3692486303676014
4999	0.36938471553175206
5000	0.36952170714352234
5001	0.36922211158290763
5002	0.3689214641856415
5003	0.3686212664533552
5004	0.36832015809668556
5005	0.3680194160733426
5006	0.36771903936238876
5007	0.36741822461129126
5008	0.367118244409867
5009	0.3668172736137411
5010	0.36651630810065
5011	0.36651774828578465
5012	0.36651872516860223
5013	0.3665200942510541
5014	0.3665219934997227
5015	0.3665237882008338
5016	0.36652600266796237
5017	0.3665268984180427
5018	0.3665276896583166
5019	0.36652989406669095
5020	0.3665307246304029
5021	0.366317668391824
5022	0.3661045370139334
5023	0.36589237723606305
5024	0.3656791777199378
5025	0.36546639835050565
5026	0.3652526635666421
5027	0.3650393489205671
5028	0.3648264261204085
5029	0.3646125221320817
5030	0.3643990649369617
5031	0.364275621489171
5032	0.3641521062082233
5033	0.36402950550910024
5034	0.3639059285021311
5035	0.3637827178025197
5036	0.36365861396299753
5037	0.3635344387102944
5038	0.36341164165959317
5039	0.3632873231861517
5040	0.36316307007755805
5041	0.3627274536550017
5042	0.36229032195605787
5043	0.361853477253451
5044	0.3614169995722694
5045	0.36097990913021116
5046	0.36054258749262386
5047	0.36010565823508656
5048	0.3596680909489375
5049	0.3592299685608975
5050	0.358792102526986
5051	0.3589513695541269
5052	0.3591098715293191
5053	0.3592692023254204
5054	0.3594280919315282
5055	0.35958662091831145
5056	0.3597451135920182
5057	0.35990454468099176
5058	0.3600631545398107
5059	0.3602221074306989
5060	0.36038156643541813
5061	0.36026512441253766
5062	0.36014803303848336
5063	0.3600323513782043
5064	0.35991558700120907
5065	0.3597988777582702
5066	0.35968160124008774
5067	0.3595651915214633
5068	0.359447863127872
5069	0.3593304818991455
5070	0.35921345315023095
5071	0.3594831025676878
5072	0.359751910032038
5073	0.360020713086563
5074	0.36029005363774497
5075	0.3605593090567036
5076	0.36082820769803586
5077	0.3610975634706926
5078	0.3613678665184664
5079	0.3616367797908512
5080	0.3619057427371517
5081	0.361729996457075
5082	0.36155407281966073
5083	0.36137767309695634
5084	0.36120180300388993
5085	0.3610262444950259
5086	0.3608498302041409
5087	0.3606732665567749
5088	0.36049671638297615
5089	0.3603210195556798
5090	0.3601448206743985
5091	0.36023815920420865
5092	0.3603319373084454
5093	0.3604257216861356
5094	0.3605195123349014
5095	0.3606124415995773
5096	0.36070629881371213
5097	0.36080054210102197
5098	0.36089433058397985
5099	0.36098823387509554
5100	0.3610811661654499
5101	0.3613317794688786
5102	0.3615824445341683
5103	0.36183310691844367
5104	0.36208346704536987
5105	0.3623337965501352
5106	0.36258513101365214
5107	0.3628360539829618
5108	0.36308656448118454
5109	0.3633371804727844
5110	0.3635877653741245
5111	0.36371192232703065
5112	0.3638352377743163
5113	0.3639585042563778
5114	0.36408221430761556
5115	0.36420595771291636
5116	0.3643297344893661
5117	0.3644530515797821
5118	0.3645763195516833
5119	0.3646996479853662
5120	0.36482298208535546
5121	0.36476804807485597
5122	0.3647130591509152
5123	0.364657987915771
5124	0.36460245077508596
5125	0.3645468862888893
5126	0.3644916779386456
5127	0.3644364421023826
5128	0.3643806858855677
5129	0.36432482020314366
5130	0.3642694199336329
5131	0.36444616851899886
5132	0.36462300298718675
5133	0.36480022494226644
5134	0.3649770395588235
5135	0.36515396753140306
5136	0.36533087171739026
5137	0.3655078069612129
5138	0.365685212878997
5139	0.3658626502557577
5140	0.3660397065550134
5141	0.36583647001971037
5142	0.3656332407717369
5143	0.36543075998291585
5144	0.3652273250337183
5145	0.3650238150148481
5146	0.36482116182106356
5147	0.3646170629412524
5148	0.3644128895817072
5149	0.3642090795414703
5150	0.36400527661058946
5151	0.36401380720357285
5152	0.3640219579703251
5153	0.3640304945792661
5154	0.36403859667402083
5155	0.36404711196941053
5156	0.36405472787160553
5157	0.36406319451986885
5158	0.3640707891174012
5159	0.3640791250938592
5160	0.36408667105523357
5161	0.3639334538869199
5162	0.3637797228762642
5163	0.3636259702164475
5164	0.36347211396483925
5165	0.3633181541828621
5166	0.3631641454814775
5167	0.36301006058742324
5168	0.36285633553812163
5169	0.3627020981429857
5170	0.36254734900401786
5171	0.36228799551562685
5172	0.3620285061019241
5173	0.36176844610099645
5174	0.36150825083000515
5175	0.36124792029758807
5176	0.3609874545123839
5177	0.3607272597874648
5178	0.3604660901512158
5179	0.3602043802241889
5180	0.359943374154965
5181	0.359619331109251
5182	0.3592956554557583
5183	0.358971887705298
5184	0.35864751619694246
5185	0.3583225692149525
5186	0.357997961928654
5187	0.3576731829006354
5188	0.35734842012368084
5189	0.3570234588379582
5190	0.3566983796471399
5191	0.3565154601099062
5192	0.3563323902940491
5193	0.3561485019792681
5194	0.3559653730422337
5195	0.35578228110976146
5196	0.3555995197123888
5197	0.35541588768403354
5198	0.3552325863228938
5199	0.35504972166320314
5200	0.3548664139305822
5201	0.3547418525699651
5202	0.354616351446199
5203	0.3544906299132454
5204	0.35436535307257927
5205	0.3542394833871851
5206	0.3541139250875116
5207	0.3539878540984396
5208	0.3538620676592145
5209	0.3537361671189254
5210	0.35361060367364433
5211	0.3536062961782547
5212	0.35360107373507293
5213	0.3535966613307204
5214	0.35359178514890843
5215	0.35358774547511423
5216	0.3535832420245824
5217	0.35357822176464
5218	0.35357318887282063
5219	0.35356859440567207
5220	0.3535643056643835
5221	0.35329389712294884
5222	0.35302251569286314
5223	0.3527516458872652
5224	0.3524809954810975
5225	0.35221035244525306
5226	0.35193971667616253
5227	0.35166853393817216
5228	0.3513973854956242
5229	0.35112658733298496
5230	0.35085529613495375
5231	0.3510739676940555
5232	0.3512926984073028
5233	0.35151101358110015
5234	0.35172941376976613
5235	0.3519482423142869
5236	0.3521670771713107
5237	0.35238594470629403
5238	0.35260407774698066
5239	0.3528229836318559
5240	0.35304197506212276
5241	0.35286611339700563
5242	0.35269100084173705
5243	0.35251528739984456
5244	0.3523394760313089
5245	0.35216398941376603
5246	0.3519878763356556
5247	0.3518116918075871
5248	0.35163622709464587
5249	0.3514597936602668
5250	0.35128323603966016
5251	0.35158841183403405
5252	0.3518936830348688
5253	0.3521994195400093
5254	0.3525052257470576
5255	0.3528111016406106
5256	0.35311617319263183
5257	0.3534217900513085
5258	0.3537278738285219
5259	0.3540345051834055
5260	0.35433942640023125
5261	0.3539314499392317
5262	0.3535233118746221
5263	0.3531146150376355
5264	0.3527053079903605
5265	0.3522971361374936
5266	0.3518883532827637
5267	0.3514780912514213
5268	0.35106817135837487
5269	0.3506589337548054
5270	0.3502490622681074
5271	0.35015529933790945
5272	0.3500605433370082
5273	0.34996615967796496
5274	0.3498708624515502
5275	0.3497759637721367
5276	0.34968091261139184
5277	0.3495858138918585
5278	0.3494914799631909
5279	0.3493962858371621
5280	0.3493005726673558
5281	0.3490610756191629
5282	0.34882202140482965
5283	0.3485821022757333
5284	0.3483429915080678
5285	0.34810338241507444
5286	0.34786384977515517
5287	0.3476237418279855
5288	0.34738454424998083
5289	0.3471444072584044
5290	0.34690473718892656
5291	0.34663702448676775
5292	0.3463678667215323
5293	0.3460994983394148
5294	0.3458300246041972
5295	0.34556095030128336
5296	0.34529201532329545
5297	0.3450222103347861
5298	0.34475262250423844
5299	0.3444829153027932
5300	0.3442126500624015
5301	0.343736472844753
5302	0.34326011666984674
5303	0.34278250275527067
5304	0.342305560335403
5305	0.34182936306006023
5306	0.34135221874407967
5307	0.34087502522427265
5308	0.3403968638389563
5309	0.3399194452758017
5310	0.3394419264377632
5311	0.33887992120865756
5312	0.3383180816133743
5313	0.33775513975818394
5314	0.3371922875445473
5315	0.3366295231394285
5316	0.3360652831788772
5317	0.33550153492961216
5318	0.33493794820190814
5319	0.3343728168212534
5320	0.3338090740764241
5321	0.3330739069081331
5322	0.3323394719609245
5323	0.33160529131612837
5324	0.3308700730616795
5325	0.33013481275708434
5326	0.32939980596953267
5327	0.32866500081740596
5328	0.3279297315537126
5329	0.3271934855192835
5330	0.3264582497792411
5331	0.3260770108905087
5332	0.3256964535907199
5333	0.3253149663195351
5334	0.3249333066963478
5335	0.32455200990559246
5336	0.3241693255050973
5337	0.3237881691457845
5338	0.32340647539108697
5339	0.3230246087723946
5340	0.32264189267224697
5341	0.322230280927157
5342	0.32181970403332893
5343	0.3214081828656343
5344	0.320995984965249
5345	0.32058414504166566
5346	0.32017249316560414
5347	0.31975987814737367
5348	0.31934666194850214
5349	0.318934518723521
5350	0.3185209621038653
5351	0.3185138606283057
5352	0.31850673636014915
5353	0.3184991598538694
5354	0.3184916083096506
5355	0.318483986300683
5356	0.31847672324237736
5357	0.31846910344887425
5358	0.3184614370646294
5359	0.31845374795045045
5360	0.3184456306186457
5361	0.31824634295323967
5362	0.3180469162096629
5363	0.3178478266172376
5364	0.3176478123941445
5365	0.3174481590679509
5366	0.31724763018545904
5367	0.3170481744288576
5368	0.31684822332634344
5369	0.3166481333880938
5370	0.3164468381919188
5371	0.316995909648103
5372	0.3175458632535997
5373	0.3180951068253268
5374	0.3186444236074247
5375	0.3191938372895769
5376	0.31974334777938196
5377	0.3202929789710875
5378	0.3208423464537139
5379	0.32139217034834644
5380	0.3219420425438605
5381	0.3225061135202013
5382	0.3230714045441393
5383	0.3236360792353221
5384	0.32420095897545326
5385	0.32476640879248975
5386	0.3253316025037612
5387	0.3258969528086693
5388	0.3264632175183133
5389	0.3270284904343427
5390	0.32759431101593045
5391	0.32865933135707814
5392	0.32972301493043504
5393	0.33078807124395687
5394	0.331852598108336
5395	0.33291766021338504
5396	0.3339829855157525
5397	0.3350477465531353
5398	0.3361134710389603
5399	0.3371790047397147
5400	0.33824477431536365
5401	0.3386954538111098
5402	0.3391462723593871
5403	0.339596873965507
5404	0.34004758817440606
5405	0.3404980069681175
5406	0.34094948152269133
5407	0.3414005585009132
5408	0.34185097983196755
5409	0.3423028181623535
5410	0.34275389734490463
5411	0.3431543586878102
5412	0.34355574941948924
5413	0.34395686213859483
5414	0.3443575923687379
5415	0.3447593062815475
5416	0.3451603015202407
5417	0.345561377137896
5418	0.3459629474009101
5419	0.3463630171494671
5420	0.3467648255841536
5421	0.34623987448351595
5422	0.345716587482061
5423	0.34519232080147727
5424	0.3446674653928937
5425	0.34414158549912816
5426	0.34361609996823633
5427	0.3430917512324606
5428	0.3425659436783125
5429	0.3420400660455871
5430	0.3415144760167755
5431	0.34087860609556403
5432	0.3402425599962434
5433	0.33960590535100804
5434	0.33896940551158017
5435	0.33833227333791427
5436	0.33769491559242615
5437	0.3370581143957007
5438	0.3364198509313934
5439	0.33578184128480665
5440	0.335143581089321
5441	0.3331501995182474
5442	0.33115554141257453
5443	0.3291616419874084
5444	0.32716571253393856
5445	0.32517014272035255
5446	0.323174095623439
5447	0.32117795656104686
5448	0.3191802618553885
5449	0.317182456749438
5450	0.3151846295769812
5451	0.31237805230620136
5452	0.30956941205599914
5453	0.30676112934377225
5454	0.30395126051695254
5455	0.3011405019231232
5456	0.29832892182419835
5457	0.295516829241818
5458	0.2927035356217707
5459	0.2898894199153221
5460	0.2870744385377483
5461	0.28242286669928846
5462	0.2777705079984199
5463	0.27311760606332464
5464	0.2684635439422923
5465	0.26380831904724406
5466	0.2591526090155843
5467	0.2544961298600622
5468	0.24983844882645054
5469	0.24517997260278115
5470	0.24052064657950328
5471	0.23509989029649017
5472	0.2296766657426691
5473	0.22425220867324117
5474	0.2188253631448005
5475	0.21339693628201173
5476	0.20796620973433688
5477	0.20253387219263497
5478	0.19709950985312302
5479	0.19166357045672314
5480	0.18622603480427952
5481	0.18033255678480067
5482	0.17443857712543429
5483	0.16854436915767984
5484	0.16264885095305812
5485	0.15675263916395174
5486	0.15085594007672315
5487	0.14495859188351895
5488	0.13906054939215715
5489	0.13316147548889842
5490	0.12726192174689782
5491	0.12249082904229311
5492	0.11771919871832705
5493	0.11294704143610242
5494	0.10817423688970636
5495	0.10340093385312887
5496	0.09862711655850115
5497	0.09385279316930563
5498	0.08907797708697976
5499	0.08430263468611157
5500	0.07952680496413406
5501	0.0762387595022717
5502	0.07294917437646029
5503	0.06965860162925565
5504	0.06636657680280149
5505	0.0630734377743966
5506	0.05977888462985161
5507	0.0564831352015875
5508	0.05318605938386292
5509	0.04988772845366694
5510	0.046588187430452975
5511	0.044590506188121715
5512	0.04259260109028714
5513	0.04059468166865475
5514	0.03859669213562806
5515	0.03659869371396295
5516	0.034600532446082
5517	0.0326023587635957
5518	0.030604189397275727
5519	0.02860581179793628
5520	0.026607445498222266
5521	0.025494913071091155
5522	0.02438212965727794
5523	0.023269173733064648
5524	0.022156023866907876
5525	0.02104267489465247
5526	0.019929103257100993
5527	0.01881536538405484
5528	0.01770140200275075
5529	0.016587246989594004
5530	0.015472896431441181
5531	0.014850821413668837
5532	0.014228626343150284
5533	0.013606367748940584
5534	0.012983958137275941
5535	0.01236144894475767
5536	0.011738871237375076
5537	0.01111617964434075
5538	0.010493390569704577
5539	0.009870477153451336
5540	0.009247490567757113
5541	0.008889944605413749
5542	0.008532398660870091
5543	0.008174830504820138
5544	0.00781725081493167
5545	0.007459657943035722
5546	0.007102038862599861
5547	0.006744424131564953
5548	0.006386800050550829
5549	0.006029148718038911
5550	0.005671509072981531
5551	0.005476495150471473
5552	0.005281418040145881
5553	0.005086278978999468
5554	0.004891071703006195
5555	0.004695808525558448
5556	0.004500494437610871
5557	0.004305104739628351
5558	0.00410964972389595
5559	0.003914136285523954
5560	0.003718552207023642
5561	0.0035981283686009275
5562	0.0034776878994731996
5563	0.0033572363175856245
5564	0.0032367728434588906
5565	0.003116297739508196
5566	0.0029958036025706995
5567	0.0028753092039003635
5568	0.002754792763242273
5569	0.002634268435345508
5570	0.002513735600732732
5571	0.0024885205245143726
5572	0.0024633102933185793
5573	0.0024380980488686523
5574	0.0024128878767907666
5575	0.0023876761840264725
5576	0.002362474572563073
5577	0.0023372654368832625
5578	0.0023120613655211284
5579	0.0022868528233089473
5580	0.002261648821064131
5581	0.002236646308973424
5582	0.0022116356265757726
5583	0.0021866271120918254
5584	0.0021616160625393976
5585	0.0021365941420896013
5586	0.0021115746066092587
5587	0.0020865500846291955
5588	0.0020615226635969913
5589	0.002036492349680237
5590	0.002011462013078119
5591	0.0019776102015975645
5592	0.0019437521683625283
5593	0.0019098870622136547
5594	0.0018760136608155006
5595	0.001842128613903094
5596	0.0018082326095192449
5597	0.0017743320137334321
5598	0.0017404199312401841
5599	0.0017064953569115306
5600	0.0016725656516372342
5601	0.0016385974639780618
5602	0.001604621462660438
5603	0.001570635891859996
5604	0.0015366447920475952
5605	0.0015026457754380275
5606	0.0014686354476888543
5607	0.0014346212670341939
5608	0.0014005959432546909
5609	0.0013665664901185177
5610	0.001332524369578823
5611	0.001298530113635496
5612	0.00126452538131998
5613	0.0012305092651423005
5614	0.0011964811389987896
5615	0.0011624455969462394
5616	0.0011283986810519018
5617	0.0010943386864421096
5618	0.0010602739823952286
5619	0.001026193753379553
5620	0.0009921060927697636
5621	0.0009579000537665801
5622	0.0009236948959067796
5623	0.0008894847813676973
5624	0.0008552741304349205
5625	0.0008210588250706583
5626	0.0007868427010652906
5627	0.0007526231626126042
5628	0.0007184007886996505
5629	0.0006841767320820289
5630	0.0006499489507485465
5631	0.0006420525303703189
5632	0.000634157805238853
5633	0.0006262595518225564
5634	0.0006183614172693076
5635	0.0006104618838077646
5636	0.0006025610435125971
5637	0.00059465809324774
5638	0.0005867546008828032
5639	0.0005788483242626883
5640	0.000570942100529278
5641	0.0005630494418839299
5642	0.0005551556337423309
5643	0.0005472615097597602
5644	0.0005393636144738824
5645	0.0005314644599067715
5646	0.0005235642188933073
5647	0.0005156601962389315
5648	0.0005077563210427615
5649	0.0004998500352383623
5650	0.0004919425822785987
5651	0.0004840167609720163
5652	0.00047608966406607997
5653	0.00046816118680787037
5654	0.00046023212703261363
5655	0.00045230116327225266
5656	0.00044436945853246966
5657	0.0004364364947708632
5658	0.0004285016934361911
5659	0.0004205666271077584
5660	0.0004126297880296351
5661	0.00040470226331206253
5662	0.00039677291620007825
5663	0.0003888429465455423
5664	0.0003809102082282261
5665	0.00037297671855419175
5666	0.0003650410515803937
5667	0.00035710366326491125
5668	0.0003491645536355494
5669	0.000341224080036619
5670	0.00033328112069102233
5671	0.0003310381615320514
5672	0.0003287953059584135
5673	0.000326552146996414
5674	0.00032430746384291457
5675	0.0003220621888816413
5676	0.0003198161287234098
5677	0.00031757023524418295
5678	0.00031532279253184184
5679	0.0003130754340392519
5680	0.00031082667884876073
5681	0.0003085860134511292
5682	0.00030634459477512965
5683	0.000304101943863439
5684	0.00030185919817501885
5685	0.0002996149304272509
5686	0.00029737011219266616
5687	0.00029512533306982566
5688	0.0002928785154056538
5689	0.00029063133807073044
5690	0.0002883836395545243
5691	0.00028611221415637556
5692	0.00028384000555819024
5693	0.0002815679895882204
5694	0.0002792951903512731
5695	0.0002770225679841206
5696	0.0002747487721708144
5697	0.0002724745738249346
5698	0.00027020055708172055
5699	0.0002679250840616041
5700	0.00026565014508742453
5701	0.00026339610977964555
5702	0.00026114162276496124
5703	0.0002588865384455829
5704	0.000256630025733357
5705	0.00025437295496614636
5706	0.0002521147534437367
5707	0.00024985690325642177
5708	0.0002475966899835457
5709	0.0002453362255777902
5710	0.0002430755300257973
5711	0.00024027624882927133
5712	0.0002374760502975248
5713	0.00023467571439451338
5714	0.00023187418316006965
5715	0.00022907279271048217
5716	0.0002262707699205401
5717	0.00022346774573075965
5718	0.0002206640286621661
5719	0.00021785992838668598
5720	0.0002150554014049279
5721	0.00021221631169611276
5722	0.00020937852796932454
5723	0.00020654009354709757
5724	0.0002037021226043844
5725	0.00020086415447683695
5726	0.00019802709920861553
5727	0.00019518970233983838
5728	0.00019235323596361804
5729	0.00018951647939127234
5730	0.00018667992739663885
5731	0.00018388284222026083
5732	0.00018108433215605185
5733	0.000178285453894101
5734	0.00017548512967363846
5735	0.0001726839724095164
5736	0.0001698820113737268
5737	0.00016707863752238184
5738	0.000164275034802127
5739	0.0001614700064659414
5740	0.00015866393964945123
5741	0.0001558274028912347
5742	0.00015299183620345338
5743	0.0001501555527590474
5744	0.0001473194950174597
5745	0.0001444836414149811
5746	0.00014164781276745843
5747	0.00013881198839825283
5748	0.00013597654481594654
5749	0.00013314078463580814
5750	0.00013030519527980174
5751	0.0001281039737213973
5752	0.00012590174521237354
5753	0.00012369795907554856
5754	0.00012149318142983442
5755	0.0001192877342980362
5756	0.0001170808504464671
5757	0.00011487312032768362
5758	0.00011266398161956999
5759	0.0001104538287801114
5760	0.00010824296133719161
5761	0.0001060053611178475
5762	0.00010376805926445657
5763	0.00010153078960833134
5764	0.00009929308540379658
5765	0.00009705550489997404
5766	0.0000948178645222873
5767	0.0000925803485254742
5768	0.00009034263851013185
5769	0.00008810482027800201
5770	0.00008586679250761545
5771	0.0000836450796802468
5772	0.00008142231011470108
5773	0.00007919857968007213
5774	0.00007697398575502491
5775	0.00007474831382171588
5776	0.00007252178979038695
5777	0.00007029420993759015
5778	0.00006806590195689872
5779	0.00006583655851023249
5780	0.00006360622811968516
5781	0.00006136711840174693
5782	0.000059127443783893095
5783	0.000056887595518711966
5784	0.00005464728372580214
5785	0.00005240660910153455
5786	0.00005016555176783998
