3524	0.00005621592279371376
3525	0.00006681200951544672
3526	0.00007747818012915724
3527	0.00008821495160951655
3528	0.00009902161819875176
3529	0.00010989907458404093
3530	0.0001208470886531118
3531	0.00013186211471233924
3532	0.00014294687561506808
3533	0.0001541014127934899
3534	0.00016532701662495366
3535	0.00017662304757400647
3536	0.0001879890164897916
3537	0.0001994255223774754
3538	0.0002109331546818261
3539	0.00022251030996552794
3540	0.00023415880897491645
3541	0.00024582480392954084
3542	0.0002575552187621326
3543	0.00026935291021655674
3544	0.0002812156899969781
3545	0.0002931444762472075
3546	0.00030514000641207467
3547	0.000317200729078418
3548	0.0003293283346007948
3549	0.0003415221647726037
3550	0.0003537784074803685
3551	0.0003661170354293305
3552	0.0003785207361025356
3553	0.00039099258962657
3554	0.00040353048113378665
3555	0.0004161344652353261
3556	0.00042880772555269314
3557	0.00044154721140938455
3558	0.0004543538732407901
3559	0.00046722801347715514
3560	0.0004801695001483074
3561	0.0004984863598757234
3562	0.0005168926980649291
3563	0.0005353938277847238
3564	0.0005539859144974825
3565	0.0005726703053852849
3566	0.0005914467530663394
3567	0.0006103156002619992
3568	0.0006292765873415242
3569	0.0006483299282747726
3570	0.0006674754948925415
3571	0.0006867356389009973
3572	0.0007060910511241976
3573	0.0007255384104454456
3574	0.0007450795145287735
3575	0.000764712224623179
3576	0.0007844426841539096
3577	0.0008042649278611875
3578	0.0008241828752184132
3579	0.0008441930189302614
3580	0.000864298825575761
3581	0.0009208147202604161
3582	0.000977609195185965
3583	0.0010346732460618788
3584	0.0010920093400257132
3585	0.0011496231072481613
3586	0.001207497489646711
3587	0.0012656524059256138
3588	0.0013240766352211396
3589	0.0013827726957100813
3590	0.0014417410033262627
3591	0.0015671326797163064
3592	0.0016931289876548643
3593	0.0018197416934456854
3594	0.0019469592035639596
3595	0.0020747808108827048
3596	0.0022032159424708593
3597	0.0023322650846017215
3598	0.002461918418826882
3599	0.002592180874754811
3600	0.002723059645249041
3601	0.002913242363331251
3602	0.003104444280819177
3603	0.003296682126863117
3604	0.003489916719002856
3605	0.003684178589182829
3606	0.00387945191640086
3607	0.004075761554478226
3608	0.004273083599198565
3609	0.004471424575093619
3610	0.004670785370250802
3611	0.0048642139656300785
3612	0.005058598691631836
3613	0.00525396101783356
3614	0.00545026487228416
3615	0.005647558971562919
3616	0.005845806013733895
3617	0.006045020063833239
3618	0.006245197283600102
3619	0.006446354624632591
3620	0.006648463663373487
3621	0.0068659502037437614
3622	0.007084457950522991
3623	0.007304000075036981
3624	0.007524531055127737
3625	0.007746112436662445
3626	0.00796868140818186
3627	0.008192286427765661
3628	0.00841692571106462
3629	0.008642565984844313
3630	0.00886924471955851
3631	0.009257407903397461
3632	0.009647395681388974
3633	0.010039185818979363
3634	0.010432860338474464
3635	0.010828292130039453
3636	0.011225588123352564
3637	0.011624683679041561
3638	0.012025624102175938
3639	0.012428330975470374
3640	0.012832912386938377
3641	0.01342829032583061
3642	0.014026636018338656
3643	0.014627828206609366
3644	0.015231994314749003
3645	0.015839040710139307
3646	0.01644903090598908
3647	0.017061901335240492
3648	0.01767764585049499
3649	0.018296342796118116
3650	0.0189179451520635
3651	0.019415708094291013
3652	0.0199157820983078
3653	0.020417958219762992
3654	0.020922401396701908
3655	0.021429117079158653
3656	0.021937969693956172
3657	0.022449093512878143
3658	0.022962491381729327
3659	0.023478074351304924
3660	0.023995877006673657
3661	0.024245863230082137
3662	0.024496760492365783
3663	0.024748512501584097
3664	0.025001219119621294
3665	0.025254881373732788
3666	0.02550934304496942
3667	0.02576487452591964
3668	0.026021256573048306
3669	0.026278444791146233
3670	0.02653658282063104
3671	0.026980715607541388
3672	0.0274267311597642
3673	0.027874464792706558
3674	0.02832402922875901
3675	0.028775259723197694
3676	0.02922837293823643
3677	0.029683092258776935
3678	0.03013975782540369
3679	0.030598138840926718
3680	0.03105829517151358
3681	0.03178973594226207
3682	0.032524331935894775
3683	0.03326208398508375
3684	0.034003008845332874
3685	0.03474714075294006
3686	0.035494379923824274
3687	0.036244711504253437
3688	0.036998278530455536
3689	0.0377550685563001
3690	0.038514961122951205
3691	0.03931257883096486
3692	0.040113615869243426
3693	0.040917557031717414
3694	0.041724776697726056
3695	0.042535039342082484
3696	0.043348359826834965
3697	0.044164945173983186
3698	0.04498450573580736
3699	0.045807261851123895
3700	0.04663332184005235
3701	0.04713394520760712
3702	0.047636662571796384
3703	0.048141318946120004
3704	0.04864772126136187
3705	0.04915577983169102
3706	0.04966604449977852
3707	0.050177966502355516
3708	0.05069172760257115
3709	0.05120733963891552
3710	0.051724694729361816
3711	0.05230932577112533
3712	0.052895991223363234
3713	0.05348486961585119
3714	0.054076145959748384
3715	0.054669533394315795
3716	0.05526524750935924
3717	0.055862976023167255
3718	0.05646300941822447
3719	0.05706517787154673
3720	0.05766996727819509
3721	0.058250119540939116
3722	0.05883268498590203
3723	0.05941734634306821
3724	0.06000420125127818
3725	0.06059294148419051
3726	0.0611839882149429
3727	0.06177691896656055
3728	0.06237215473153208
3729	0.06296927979601066
3730	0.06356861385294381
3731	0.06484811198122815
3732	0.06613302256740346
3733	0.06742347264409672
3734	0.06871945350775636
3735	0.070021087720145
3736	0.07132790069859289
3737	0.07264063858020516
3738	0.07395880059887805
3739	0.07528253440800772
3740	0.07661194124555014
3741	0.07764927359123211
3742	0.078690612306498
3743	0.07973586090678067
3744	0.080785551080731
3745	0.08183887475384971
3746	0.08289648509333863
3747	0.08395787729072754
3748	0.08502359342405662
3749	0.08609335561892671
3750	0.08716689162317864
3751	0.0880620519412205
3752	0.0889604704735039
3753	0.08986212929531885
3754	0.09076744996573777
3755	0.09167616520498584
3756	0.09258828768375622
3757	0.09350347357422295
3758	0.09442239014452475
3759	0.09534438091293151
3760	0.09627024879056857
3761	0.09679548555686755
3762	0.0973222990655831
3763	0.09785083662514252
3764	0.09838083824392205
3765	0.09891255860685758
3766	0.09944588300134709
3767	0.09998062615862434
3768	0.10051697572751515
3769	0.10105506244198013
3770	0.10159460093159554
3771	0.10238021432031923
3772	0.1031682855876033
3773	0.10395929999412123
3774	0.10475261365438857
3775	0.10554857126444227
3776	0.10634716501043505
3777	0.10714855252991182
3778	0.10795257213577901
3779	0.10875907936542467
3780	0.10956835821391844
3781	0.11037206980768532
3782	0.11117881343198291
3783	0.1119882941479802
3784	0.11280135110924197
3785	0.11361714310683169
3786	0.1144361809942123
3787	0.11525813369641834
3788	0.11608331145084634
3789	0.11691198679743833
3790	0.11774322713964616
3791	0.11855129997969206
3792	0.11936277973119046
3793	0.12017763226583353
3794	0.12099482543709857
3795	0.12181544727982713
3796	0.12263929137892932
3797	0.12346580207393722
3798	0.1242954180482829
3799	0.1251288420222838
3800	0.12596439814890842
3801	0.1260725294220271
3802	0.12618033732708334
3803	0.12628803151946513
3804	0.12639561161321844
3805	0.12650304222868605
3806	0.126610766200879
3807	0.1267179783267775
3808	0.1268252264109502
3809	0.1269323817608873
3810	0.1270390242333858
3811	0.12830172443657542
3812	0.1295682895443748
3813	0.1308386741309037
3814	0.13211349551119064
3815	0.13339194236938076
3816	0.13467462511940403
3817	0.13596138186269177
3818	0.13725180718998808
3819	0.1385466670765713
3820	0.13984539270771396
3821	0.14037273707214692
3822	0.14090138590529797
3823	0.14143072549821925
3824	0.1419617558525517
3825	0.14249436610426594
3826	0.14302761620655755
3827	0.14356282557756006
3828	0.14409896095789548
3829	0.14463656891788074
3830	0.14517552191566652
3831	0.14642120024154043
3832	0.14767160535151855
3833	0.14892617878400197
3834	0.1501848976300774
3835	0.15144866198573606
3836	0.1527163045779553
3837	0.1539884291639252
3838	0.15526490729527156
3839	0.15654556448483772
3840	0.15783084108970669
3841	0.15844127583647766
3842	0.1590535878318333
3843	0.15966700009137894
3844	0.16028249488174487
3845	0.16089934958832716
3846	0.16151762205479328
3847	0.1621379031596778
3848	0.16275983829495638
3849	0.16338340150902184
3850	0.16400805848348574
3851	0.16489541152569345
3852	0.16578556374799094
3853	0.16667785802361482
3854	0.1675736647219978
3855	0.16847212246064114
3856	0.16937363655414053
3857	0.17027779576991392
3858	0.17118505393417885
3859	0.17209467921513583
3860	0.17300744433069132
3861	0.1735057181300353
3862	0.17400457404271932
3863	0.17450448398548335
3864	0.17500546471640657
3865	0.17550774769991595
3866	0.17601109013319519
3867	0.17651523188217524
3868	0.17702049665310138
3869	0.17752727250925648
3870	0.1780346193094965
3871	0.17876940680360817
3872	0.17950596109394448
3873	0.1802448768803338
3874	0.18098559611920895
3875	0.18172862326041275
3876	0.18247375902144736
3877	0.18322097565713322
3878	0.18397002264112713
3879	0.18472168197244596
3880	0.18547489125309377
3881	0.18587348165560297
3882	0.18627255801974246
3883	0.1866722006969312
3884	0.18707234583636928
3885	0.18747302578991842
3886	0.18787393478988584
3887	0.18827592681379487
3888	0.1886779060713855
3889	0.1890806307670555
3890	0.18948366485091264
3891	0.19055567777361232
3892	0.19163051500939143
3893	0.19270958707954536
3894	0.19379126201368901
3895	0.19487634701448867
3896	0.19596544803546828
3897	0.19705762584441575
3898	0.19815352075464254
3899	0.1992523321708897
3900	0.20035461915660296
3901	0.20083616489494951
3902	0.2013190181432431
3903	0.20180212488139784
3904	0.20228632020148474
3905	0.20277097340208358
3906	0.20325646057845032
3907	0.20374267975492155
3908	0.20422975170344929
3909	0.2047178495631417
3910	0.20520616508647868
3911	0.20638659787224942
3912	0.20757130297730614
3913	0.20875919322581243
3914	0.2099511108530054
3915	0.21114625439847307
3916	0.21234570544180803
3917	0.21354864070509705
3918	0.21475563621573343
3919	0.2159664328876071
3920	0.21718042283290573
3921	0.21805491392693116
3922	0.21893180046143132
3923	0.2198113968581359
3924	0.22069286741610014
3925	0.22157670725950454
3926	0.22246334402685905
3927	0.2233520456822483
3928	0.22424325813183402
3929	0.22513717234704603
3930	0.22603385097085504
3931	0.22675991152918634
3932	0.22748790846868072
3933	0.22821762054635136
3934	0.228949031686323
3935	0.2296818045127974
3936	0.23041718891993085
3937	0.23115301139872205
3938	0.23189145333543407
3939	0.23263132250438043
3940	0.23337254308344668
3941	0.23399886605194284
3942	0.23462772443004862
3943	0.2352562824860329
3944	0.23588667061225793
3945	0.23651837282632174
3946	0.2371513331454357
3947	0.2377858630442839
3948	0.2384213063840899
3949	0.239058362532099
3950	0.23969575011057823
3951	0.24025931771905248
3952	0.24082346544294053
3953	0.24138866201274342
3954	0.2419551439520274
3955	0.24252189364646162
3956	0.2430903629419969
3957	0.24365974955125433
3958	0.2442295024948584
3959	0.24480052803733623
3960	0.24537320422038794
3961	0.2456634069568565
3962	0.24595382290037382
3963	0.24624474818971476
3964	0.24653451953371755
3965	0.24682452100002703
3966	0.24711500944108308
3967	0.24740441882804948
3968	0.24769457096056877
3969	0.2479842757711303
3970	0.248273531840859
3971	0.24867571540118175
3972	0.2490785299334752
3973	0.24948175735234898
3974	0.2498849400284584
3975	0.2502885351411681
3976	0.2506928019924791
3977	0.25109738222774464
3978	0.2515026950640313
3979	0.2519073625594773
3980	0.25231308225893484
3981	0.25264244211215026
3982	0.25297105872507847
3983	0.2533003922736984
3984	0.25362938089285214
3985	0.2539573816473294
3986	0.2542872807075417
3987	0.25461582888074946
3988	0.2549447300036594
3989	0.25527356188493233
3990	0.25560238386386885
3991	0.25604393320113167
3992	0.25648597069615364
3993	0.25692811368227086
3994	0.2573714305129357
3995	0.2578149137818445
3996	0.2582592297870072
3997	0.25870336830397134
3998	0.2591490285301624
3999	0.25959447069793806
4000	0.2600397945293885
4001	0.26002648212212076
4002	0.260012759050278
4003	0.25999864508620407
4004	0.25998411944639976
4005	0.2599688776244633
4006	0.25995285849355937
4007	0.25993675057719784
4008	0.25992057345168845
4009	0.25990430617096255
4010	0.25988734060209817
4011	0.26088289369715606
4012	0.26188072777700816
4013	0.2628797669458483
4014	0.26388074823094343
4015	0.2648833057816239
4016	0.26588742022187
4017	0.2668924485830291
4018	0.26789971944833985
4019	0.26890827873068746
4020	0.26991909075612464
4021	0.2699381733440849
4022	0.2699572138042678
4023	0.2699755185268818
4024	0.2699940950361036
4025	0.27001197675985006
4026	0.270029394196313
4027	0.2700464518142745
4028	0.2700627711742839
4029	0.2700793175214609
4030	0.270095166552946
4031	0.27113802805288995
4032	0.27218283630840207
4033	0.2732293202448533
4034	0.2742770129363958
4035	0.27532678782272463
4036	0.27637845804826267
4037	0.27743116605614
4038	0.27848579310558436
4039	0.2795424521574243
4040	0.28060038648440716
4041	0.2803269666445526
4042	0.2800535351712839
4043	0.279778677970488
4044	0.27950378473043525
4045	0.27922824605152086
4046	0.2789512821178963
4047	0.2786739321778347
4048	0.2783962592955146
4049	0.2781178517943707
4050	0.2778380198010116
4051	0.27895142992311445
4052	0.28006588911705416
4053	0.28118209141165984
4054	0.2822990133217796
4055	0.2834177677113891
4056	0.2845386248426926
4057	0.2856601993647712
4058	0.28678388356101775
4059	0.28790796930682966
4060	0.2890334083182519
4061	0.2889947564976915
4062	0.2889542864937506
4063	0.28891416848042145
4064	0.2888733730788225
4065	0.28883261550238776
4066	0.28879111297444127
4067	0.2887496474057155
4068	0.2887071460822346
4069	0.28866499360956627
4070	0.28862251940648
4071	0.28916203738177326
4072	0.2897021808421146
4073	0.2902422769380072
4074	0.2907837386669841
4075	0.291325466860378
4076	0.29186933223224404
4077	0.292412360278116
4078	0.2929560829212371
4079	0.2935004328333529
4080	0.2940457737871867
4081	0.29328453313760033
4082	0.2925211353011514
4083	0.29175680229516865
4084	0.290990698261632
4085	0.29022358728357517
4086	0.28945510784877
4087	0.28868528119297215
4088	0.2879144615851452
4089	0.2871415369747195
4090	0.28636830211025177
4091	0.28733739084155707
4092	0.2883081588549773
4093	0.289279741152646
4094	0.29025367881110276
4095	0.2912281421402493
4096	0.2922030799193255
4097	0.29318074555409585
4098	0.2941589322618075
4099	0.29513797503822065
4100	0.2961186695968818
4101	0.29536907911428034
4102	0.29461877403112785
4103	0.2938671172543522
4104	0.29311438151656105
4105	0.2923609942400186
4106	0.2916057390798282
4107	0.2908498536888536
4108	0.2900932893857945
4109	0.2893359756994308
4110	0.2885768656562178
4111	0.28917198774217606
4112	0.2897685613526669
4113	0.29036574265551107
4114	0.29096326320002447
4115	0.29156139067463477
4116	0.2921605745947475
4117	0.29276005227799046
4118	0.2933597318173567
4119	0.2939616223244607
4120	0.29456269908532323
4121	0.29435764755679367
4122	0.2941522448434441
4123	0.29394615203410235
4124	0.293740565972028
4125	0.29353343241536073
4126	0.29332639897590396
4127	0.29311939688908806
4128	0.2929120651972204
4129	0.292704763331248
4130	0.2924964347940722
4131	0.293658840508098
4132	0.29482318361815013
4133	0.29598792902050214
4134	0.29715455075806335
4135	0.29832122649839754
4136	0.2994901269233395
4137	0.30065951197505497
4138	0.30183076354581434
4139	0.3030020312549142
4140	0.3041759616919444
4141	0.3038293683824182
4142	0.30348258480778817
4143	0.3031341900542714
4144	0.3027848357342233
4145	0.3024353092032843
4146	0.3020841254327004
4147	0.30173281215913583
4148	0.3013802111942358
4149	0.3010263001020714
4150	0.3006718855345758
4151	0.30127386667377315
4152	0.3018751622871383
4153	0.30247764189041537
4154	0.3030793842688041
4155	0.3036830791833331
4156	0.304286453229406
4157	0.3048902721984709
4158	0.3054952374809138
4159	0.3060991052220221
4160	0.30670416608243534
4161	0.30631784739394785
4162	0.3059309863826659
4163	0.3055429521854732
4164	0.30515505381199476
4165	0.30476628657366944
4166	0.30437697745718983
4167	0.3039880091839439
4168	0.3035977076154023
4169	0.3032064466634016
4170	0.30281584736081824
4171	0.3037176488227306
4172	0.30462184399780035
4173	0.3055258328613053
4174	0.3064311038063651
4175	0.3073365576327585
4176	0.30824364752067646
4177	0.3091516249786814
4178	0.3100601589650303
4179	0.31097003002329565
4180	0.3118803617197275
4181	0.3115066651009747
4182	0.31113228097115797
4183	0.3107570435642681
4184	0.31038156912242015
4185	0.3100055486898655
4186	0.30962898184629856
4187	0.3092518681711173
4188	0.3088736892819768
4189	0.3084961867375537
4190	0.3081161618587452
4191	0.30878801766828684
4192	0.30946017252836233
4193	0.31013302783681507
4194	0.3108062307305706
4195	0.31147857146984487
4196	0.312152871347993
4197	0.3128262106371927
4198	0.31350070555525356
4199	0.31417554798651937
4200	0.3148506661037169
4201	0.31464859629894115
4202	0.3144459087856801
4203	0.31424420684511956
4204	0.31404148036765744
4205	0.31383904472320134
4206	0.313635872442274
4207	0.3134333243912752
4208	0.31323013534908345
4209	0.31302680650111725
4210	0.3128236234487871
4211	0.3142685151584761
4212	0.3157146803251464
4213	0.31716217288107534
4214	0.31861085362680225
4215	0.3200600934526612
4216	0.3215093496496792
4217	0.322960626555883
4218	0.32441208765884005
4219	0.3258655593257915
4220	0.3273191881124026
4221	0.3266279235722064
4222	0.3259362351389881
4223	0.32524491503008723
4224	0.3245523521633323
4225	0.3238601788429787
4226	0.3231662740188662
4227	0.3224727571985203
4228	0.3217791821453987
4229	0.3210851552978215
4230	0.320389896208304
4231	0.32211075745876694
4232	0.32383347230984094
4233	0.3255555573551335
4234	0.3272786620514119
4235	0.3290019913502426
4236	0.33072621893968696
4237	0.3324515518051796
4238	0.3341771325873073
4239	0.3359036204434434
4240	0.33763068571947236
4241	0.3363453113476435
4242	0.3350602628310863
4243	0.3337752272282489
4244	0.3324898203441338
4245	0.3312029073640189
4246	0.3299166867073307
4247	0.32862929444457767
4248	0.32734233493249565
4249	0.326054557454492
4250	0.32476643702066554
4251	0.3261744594438896
4252	0.32758177048832765
4253	0.3289895312481672
4254	0.3303987217383839
4255	0.33180793872834
4256	0.33321725179672523
4257	0.33462787831524904
4258	0.3360390606245628
4259	0.3374506704940082
4260	0.33886200993042614
4261	0.3374275345498553
4262	0.3359922667390047
4263	0.3345557734289118
4264	0.33311762898917696
4265	0.3316800163878865
4266	0.3302407812464682
4267	0.3288019371634005
4268	0.32736147464048476
4269	0.32591985118038075
4270	0.3244786281528027
4271	0.3256882192383255
4272	0.32689816465590943
4273	0.32810928831707253
4274	0.3293195929050731
4275	0.33053065041243684
4276	0.33174213640271294
4277	0.33295438077119804
4278	0.33416619161124367
4279	0.335380011265751
4280	0.33659257685197197
4281	0.3355874032716463
4282	0.3345824815337945
4283	0.33357643633033857
4284	0.33257112476095446
4285	0.33156520066853584
4286	0.3305594231249635
4287	0.3295534128720838
4288	0.3285464200223297
4289	0.3275403972496633
4290	0.3265342401597814
4291	0.32661300433576773
4292	0.3266921840396918
4293	0.3267705355886943
4294	0.3268493026709621
4295	0.3269280126470627
4296	0.3270075866847626
4297	0.32708593351736587
4298	0.3271654186574333
4299	0.32724499647882577
4300	0.3273232963814637
4301	0.3261762946735246
4302	0.3250287037539925
4303	0.323880453588681
4304	0.32273309690426855
4305	0.3215847611217969
4306	0.32043618627587944
4307	0.31928773726696663
4308	0.31813943464481037
4309	0.3169905263318553
4310	0.3158417619638094
4311	0.31720133739592415
4312	0.3185622796224319
4313	0.31992428131686906
4314	0.32128695639414234
4315	0.3226502805969926
4316	0.32401420458624247
4317	0.3253784304810147
4318	0.3267437001665666
4319	0.32811001862045636
4320	0.3294761617731335
4321	0.32934488915581905
4322	0.32921273110714344
4323	0.32908171790102947
4324	0.3289502955111903
4325	0.32881871472502583
4326	0.3286867254911109
4327	0.328555078620633
4328	0.32842299862996993
4329	0.3282920354588836
4330	0.3281598145400207
4331	0.328958127337355
4332	0.329756867052673
4333	0.3305556338641413
4334	0.3313544276415446
4335	0.33215327353833485
4336	0.33295209557325905
4337	0.3337505121796132
4338	0.3345494623586656
4339	0.3353483880427299
4340	0.33614777488426867
4341	0.33531948437217846
4342	0.33449047816510274
4343	0.3336620548362594
4344	0.33283208003566506
4345	0.33200309037628856
4346	0.33117333720954034
4347	0.3303433522668201
4348	0.3295130851198809
4349	0.3286829361401876
4350	0.3278525530537754
4351	0.32922648273070965
4352	0.33060005827675404
4353	0.33197448750293823
4354	0.33334929845681205
4355	0.3347233998720839
4356	0.3360978823073011
4357	0.3374728526266015
4358	0.3388478004668272
4359	0.34022241425233835
4360	0.34159655937198447
4361	0.34138477056079974
4362	0.3411712310929646
4363	0.34095885023495687
4364	0.3407455253745776
4365	0.3405330462657795
4366	0.34031970202039996
4367	0.3401070729205728
4368	0.33989440746947464
4369	0.3396812404083334
4370	0.3394684250378859
4371	0.3401769989836411
4372	0.3408848386498741
4373	0.341594017931487
4374	0.342302981562464
4375	0.3430119622228411
4376	0.34372153450082427
4377	0.3444304170865773
4378	0.3451402329631451
4379	0.34585067124214813
4380	0.34655983645889465
4381	0.34597293815519325
4382	0.3453860177489565
4383	0.344799442641901
4384	0.3442128706766377
4385	0.3436254130670038
4386	0.34303882289379584
4387	0.34245220997439324
4388	0.34186515836691034
4389	0.34127889057412547
4390	0.34069135518275523
4391	0.3416755604502856
4392	0.342659694453014
4393	0.3436438095349399
4394	0.34462727707162844
4395	0.3456116169438613
4396	0.34659580910294613
4397	0.3475799058178537
4398	0.34856388041798514
4399	0.34954696152865
4400	0.35053122180255647
4401	0.35048157106806027
4402	0.3504318827882122
4403	0.3503825833328233
4404	0.3503336991492662
4405	0.35028392474593933
4406	0.3502341128476439
4407	0.3501842634691973
4408	0.35013573451362734
4409	0.350086156066517
4410	0.3500371256316044
4411	0.35032678869208644
4412	0.3506164360705858
4413	0.3509070548379843
4414	0.35119723204661996
4415	0.351486966555793
4416	0.35177719329467805
4417	0.35206737804425725
4418	0.35235717238729214
4419	0.35264826428117224
4420	0.35293808103536156
4421	0.3517448259686342
4422	0.35055102589240167
4423	0.34935756644429267
4424	0.34816484483008114
4425	0.3469720659679126
4426	0.34577926048278756
4427	0.34458755865229335
4428	0.34339583048288436
4429	0.3422040020140986
4430	0.34101298523653395
4431	0.3414528807911639
4432	0.3418931888804481
4433	0.34233346884845295
4434	0.34277332990514126
4435	0.3432131617346695
4436	0.34365252033466304
4437	0.3440922668231585
4438	0.3445329001299503
4439	0.34497219556672865
4440	0.3454110142520821
4441	0.3445263349651518
4442	0.3436423170704391
4443	0.3427569491997662
4444	0.3418710460742381
4445	0.3409853880948098
4446	0.3401000240475201
4447	0.33921402290236835
4448	0.3383279284439473
4449	0.3374408432206545
4450	0.3365548705815875
4451	0.3373011123252229
4452	0.338047590806362
4453	0.33879399953728623
4454	0.33953979721636895
4455	0.3402854200231954
4456	0.3410313079517982
4457	0.3417766587613804
4458	0.34252183395120184
4459	0.34326693744564507
4460	0.34401142088026704
4461	0.3435600063096156
4462	0.34310649553169553
4463	0.3426545919707248
4464	0.34220174215574095
4465	0.3417488839848707
4466	0.34129601728266323
4467	0.3408429606924907
4468	0.34038986986083153
4469	0.3399367705301487
4470	0.33948361096845714
4471	0.3401715523092121
4472	0.3408588670183371
4473	0.3415462000837215
4474	0.342233863857662
4475	0.3429214181079613
4476	0.34360847126469063
4477	0.34429549128006753
4478	0.344982740292582
4479	0.3456691703384724
4480	0.34635635469109216
4481	0.3460802333945568
4482	0.3458045119529284
4483	0.34552887474116895
4484	0.34525240434877946
4485	0.3449768051519329
4486	0.3447008453140855
4487	0.3444249180181133
4488	0.34414944128583586
4489	0.34387274358936054
4490	0.3435973057344605
4491	0.34421019169013695
4492	0.3448238397238329
4493	0.34543668088754603
4494	0.3460498404874579
4495	0.3466616890741422
4496	0.34727554094707047
4497	0.3478877103264072
4498	0.3485002251630675
4499	0.3491131404329273
4500	0.3497248128237337
4501	0.3487473246016862
4502	0.34776968924471463
4503	0.3467921992592945
4504	0.34581414663408133
4505	0.34483744825461055
4506	0.3438597198377716
4507	0.3428830795619707
4508	0.34190619674157136
4509	0.3409295668141125
4510	0.3399530604550369
4511	0.34050314430350137
4512	0.3410526748402945
4513	0.34160260890245964
4514	0.3421522738929476
4515	0.3427015389684338
4516	0.34325107981494857
4517	0.34380089820304743
4518	0.34434895805353927
4519	0.34489771122715024
4520	0.34544676834250543
4521	0.34470905541628954
4522	0.3439721758495718
4523	0.34323523875548495
4524	0.3424978545907353
4525	0.34176088170413016
4526	0.34102385158833803
4527	0.34028637723264554
4528	0.3395489765529281
4529	0.3388113918941447
4530	0.3380742398165297
4531	0.3396370303233844
4532	0.3411994176700903
4533	0.3427610889918752
4534	0.34432235260266936
4535	0.34588367990822116
4536	0.347444654750622
4537	0.34900490636049314
4538	0.3505643498598537
4539	0.35212423440096896
4540	0.35368384612882303
4541	0.35432748536848313
4542	0.3549732075005661
4543	0.3556184348584973
4544	0.35626224643066723
4545	0.3569067734827504
4546	0.35755039318263643
4547	0.35819519290498714
4548	0.3588386483572578
4549	0.35948328828409465
4550	0.3601265247383454
4551	0.3603979277318031
4552	0.360668662265103
4553	0.36093987678701844
4554	0.3612108877806985
4555	0.3614812564272333
4556	0.36175163997619847
4557	0.3620227525295487
4558	0.36229281010734815
4559	0.36256274545463735
4560	0.3628326411020073
4561	0.36351738715181336
4562	0.36420081418364686
4563	0.3648854604811428
4564	0.36556978054389944
4565	0.366253494871053
4566	0.366937267938907
4567	0.367621908561552
4568	0.36830510360469365
4569	0.3689888596376476
4570	0.3696728995342577
4571	0.36924473546723824
4572	0.36881665509705575
4573	0.368387820449387
4574	0.36796085713183624
4575	0.3675321082071951
4576	0.36710433594296665
4577	0.36667628611130754
4578	0.3662486820226637
4579	0.3658212450521937
4580	0.36539292215206065
4581	0.3649824464951639
4582	0.3645716237943089
4583	0.3641617808728658
4584	0.36375153576575087
4585	0.3633414411332048
4586	0.3629314417624033
4587	0.3625210978930768
4588	0.3621108777572272
4589	0.36170108292261116
4590	0.3612910274778725
4591	0.35944709301610916
4592	0.35760354182798204
4593	0.3557605303685656
4594	0.3539161456634157
4595	0.35207363937392894
4596	0.35022984944948526
4597	0.34838601150576415
4598	0.346542231971607
4599	0.34469853663969807
4600	0.34285523666270445
4601	0.3439993777892559
4602	0.34514290069287895
4603	0.3462862209547653
4604	0.3474289695606939
4605	0.34857198812130646
4606	0.34971437968764596
4607	0.35085613983491615
4608	0.35199859815266527
4609	0.3531404783259532
4610	0.3542830116381042
4611	0.3539102354020772
4612	0.3535370595558195
4613	0.35316404775219057
4614	0.35279152058803354
4615	0.3524195034919591
4616	0.3520471680674162
4617	0.35167398264632377
4618	0.35130226628223915
4619	0.3509297275979404
4620	0.3505572992632639
4621	0.3506184441346379
4622	0.3506791880995133
4623	0.35074085972155933
4624	0.3508023962631317
4625	0.350862707765645
4626	0.3509247448180643
4627	0.3509846525249838
4628	0.3510453553590312
4629	0.351106960072929
4630	0.3511677112873651
4631	0.35106170943852794
4632	0.35095625291280375
4633	0.35084937450414483
4634	0.35074434350577416
4635	0.35063842249209065
4636	0.3505316919978629
4637	0.35042585153595013
4638	0.35031997157317585
4639	0.350213229885272
4640	0.35010780167509786
4641	0.3501623552487433
4642	0.35021638591255533
4643	0.35027090148762685
4644	0.3503248940070544
4645	0.35038027372253605
4646	0.35043420165807104
4647	0.3504882166262191
4648	0.3505425841115875
4649	0.3505969591291738
4650	0.35065134168398654
4651	0.3502060024262123
4652	0.34976161076817575
4653	0.34931681431610145
4654	0.3488712714253291
4655	0.3484270164934156
4656	0.3479819369804036
4657	0.34753732557886124
4658	0.347092418586179
4659	0.34664829333928776
4660	0.3462033743878187
4661	0.34637467447098724
4662	0.3465450691371819
4663	0.34671584321524923
4664	0.3468866558868826
4665	0.347057402134155
4666	0.3472285812770703
4667	0.34739887911286305
4668	0.34756924153230295
4669	0.3477399318561383
4670	0.34791068722467494
4671	0.347173766056222
4672	0.3464369844270995
4673	0.3457002635045625
4674	0.34496329015096966
4675	0.3442267699802467
4676	0.3434907266275383
4677	0.3427539643133695
4678	0.34201814484214677
4679	0.34128114476795446
4680	0.3405450856258457
4681	0.3406647045842593
4682	0.340785546146841
4683	0.34090603790275764
4684	0.3410251730696397
4685	0.3411456092294808
4686	0.34126520435047364
4687	0.34138517171221994
4688	0.34150512408948586
4689	0.3416246478894966
4690	0.34174459601131235
4691	0.34134616001124435
4692	0.3409473185684495
4693	0.3405497995923128
4694	0.34015107639228565
4695	0.33975318408869787
4696	0.3393545023354515
4697	0.33895626499015546
4698	0.33855806077177675
4699	0.3381598896839428
4700	0.3377613684409356
4701	0.3380209732639054
4702	0.3382797602582038
4703	0.33853888003801047
4704	0.3387985383857986
4705	0.3390576849093195
4706	0.3393168831470174
4707	0.33957608183590204
4708	0.33983486966869314
4709	0.3400936058782211
4710	0.34035236757999887
4711	0.3401926761030696
4712	0.34003348255254545
4713	0.3398742721024758
4714	0.33971555872979026
4715	0.33955600625550003
4716	0.33939607801078475
4717	0.3392365956448045
4718	0.3390763275712094
4719	0.3389165053713903
4720	0.33875715406836215
4721	0.33809046921506625
4722	0.3374242371084203
4723	0.3367580221975838
4724	0.3360914432172074
4725	0.3354256693409213
4726	0.33475867054071423
4727	0.33409128804312244
4728	0.3334247598189106
4729	0.3327586530570613
4730	0.3320921616921861
4731	0.33249259531380765
4732	0.33289341703032077
4733	0.3332946787803835
4734	0.33369585236791244
4735	0.3340957502183814
4736	0.3344968214092079
4737	0.33489752551486357
4738	0.33529806419437075
4739	0.33569828469475677
4740	0.3360987451282118
4741	0.3358972557858576
4742	0.33569534630831616
4743	0.3354935502444266
4744	0.33529255195000324
4745	0.33508994309114865
4746	0.33488818279747373
4747	0.3346868646972803
4748	0.3344848500104361
4749	0.3342832016007798
4750	0.3340816157592479
4751	0.3344326478826459
4752	0.33478337641036965
4753	0.33513402835574124
4754	0.33548478095087714
4755	0.3358355074821164
4756	0.33618669070515916
4757	0.3365379248775005
4758	0.33688793662499106
4759	0.3372387617117836
4760	0.33758922858728274
4761	0.3377756507541566
4762	0.3379620006863082
4763	0.3381483805536404
4764	0.338334278896359
4765	0.3385197717388993
4766	0.338706087491377
4767	0.33889192097076737
4768	0.33907737395911575
4769	0.33926357431794907
4770	0.3394489836765886
4771	0.3397247819838759
4772	0.3400014661736677
4773	0.3402772120664856
4774	0.34055304708540723
4775	0.3408293063428814
4776	0.3411059908297234
4777	0.3413819403064274
4778	0.3416582118287809
4779	0.3419345218278363
4780	0.34221040475379794
4781	0.3407761958990428
4782	0.33934218549740014
4783	0.3379087307980066
4784	0.3364746061328856
4785	0.3350406832705901
4786	0.33360774356917183
4787	0.3321741697396204
4788	0.33074112213723555
4789	0.32930832240657215
4790	0.3278756704388967
4791	0.32525853699831064
4792	0.3226415551700826
4793	0.32002470136547845
4794	0.3174084805656771
4795	0.3147916205183401
4796	0.31217499080347905
4797	0.30955926872693573
4798	0.3069429511997358
4799	0.3043275758442633
4800	0.3017120057518821
4801	0.29537755589017123
4802	0.2890421886569445
4803	0.2827070211874702
4804	0.2763724064381765
4805	0.27003654054736403
4806	0.2637009529939752
4807	0.2573654774581751
4808	0.25102950576487476
4809	0.24469398687929644
4810	0.23835768462288526
4811	0.23179245337484017
4812	0.2252274987847281
4813	0.21866194578735756
4814	0.21209615643313795
4815	0.20553051319472798
4816	0.1989640410218239
4817	0.19239751608545508
4818	0.18583046396910144
4819	0.17926328643174658
4820	0.17269563811644958
4821	0.16591648659182268
4822	0.15913637727601346
4823	0.15235573084045126
4824	0.14557441436151675
4825	0.13879200086018423
4826	0.13200904289913237
4827	0.12522585808560063
4828	0.11844145547764469
4829	0.11165622570736912
4830	0.1048705548304126
4831	0.09983962098557038
4832	0.09480753158354277
4833	0.08977489868683393
4834	0.08474116629034925
4835	0.0797068709139376
4836	0.07467179003247812
4837	0.0696358565244255
4838	0.06459906208742823
4839	0.05956173892666047
4840	0.05452363240773774
4841	0.05174416336455541
4842	0.048964969223544964
4843	0.04618617146614649
4844	0.04340756387321767
4845	0.040629180546853695
4846	0.03785110116224269
4847	0.035073294356813306
4848	0.03229567047400217
4849	0.029518468759404316
4850	0.026741448427422845
4851	0.025401720562260952
4852	0.024062183935228357
4853	0.022722839148240536
4854	0.02138362262028161
4855	0.020044518632406867
4856	0.018705627291822426
4857	0.017366920541043933
4858	0.016028350572757196
4859	0.014689941405152375
4860	0.013351691029967725
4861	0.012707393428217646
4862	0.012062974535478981
4863	0.011418383711466815
4864	0.010773641637461761
4865	0.010128745594010766
4866	0.009483683422807592
4867	0.008838488980726845
4868	0.008193131300129204
4869	0.007547619700978889
4870	0.006901953153982719
4871	0.006598979678122651
4872	0.0062960170568193636
4873	0.0059930905041957324
4874	0.00569017399899527
4875	0.005387285181866659
4876	0.005084408100760565
4877	0.004781550489763252
4878	0.004478707281409531
4879	0.004175894005493165
4880	0.0038730997696542536
4881	0.003762069405952562
4882	0.0036510329673521604
4883	0.0035400084914258153
4884	0.0034289729857653662
4885	0.0033179320655190012
4886	0.003206897484862608
4887	0.003095860498190178
4888	0.002984818680649144
4889	0.002873771277403519
4890	0.002762732711437456
4891	0.0026519623066953873
4892	0.0025411693538986463
4893	0.002430354838915197
4894	0.0023195118124824587
4895	0.002208646562374098
4896	0.00209775375835292
4897	0.001986832705863304
4898	0.0018758942676364797
4899	0.0017649260883637141
4900	0.0016539323192851952
4901	0.00162244221511531
4902	0.0015909486027354228
4903	0.0015594533577961574
4904	0.0015279626030333022
4905	0.0014964723707270428
4906	0.0014649822119644361
4907	0.0014334907426382891
4908	0.0014019983944232467
4909	0.001370511359878896
4910	0.0013390215338072106
4911	0.001307650583625234
4912	0.00127627467049119
4913	0.001244896405440999
4914	0.0012135097133139133
4915	0.0011821177741330438
4916	0.0011507192891693848
4917	0.0011193224727386831
4918	0.0010879134596437098
4919	0.0010565005581017455
4920	0.0010250849717481107
4921	0.0009936028512473594
4922	0.0009621182270559219
4923	0.0009306320422377255
4924	0.00089914444774887
4925	0.0008676576693395511
4926	0.0008361673041030412
4927	0.0008046753409150596
4928	0.0007731820937642384
4929	0.0007416902340129417
4930	0.0007101939976285606
4931	0.0006787491712603852
4932	0.0006472979830210954
4933	0.000615841138765349
4934	0.000584377307318008
4935	0.0005529077578316806
4936	0.0005214312134010617
4937	0.000489948455109901
4938	0.00045846002396939304
4939	0.00042696508576783935
4940	0.0003954628960393454
4941	0.0003873747706654872
4942	0.000379284308662587
4943	0.00037119100340814176
4944	0.0003630952681596734
4945	0.0003549972143659325
4946	0.00034689848654798864
4947	0.0003387952631362288
4948	0.0003306896109807872
4949	0.000322582460328689
4950	0.00031447249138495393
4951	0.00030629974262013417
4952	0.00029812789513642936
4953	0.0002899561367581929
4954	0.00028178561550652113
4955	0.0002736163019488015
4956	0.0002654475464613279
4957	0.00025727999740716366
4958	0.00024911266601714753
4959	0.00024094683189381484
4960	0.00023278185530105537
4961	0.00022465872458706854
4962	0.00021653315253406376
4963	0.00020840603959082984
4964	0.00020027652140556683
4965	0.00019214493503428754
4966	0.0001840114412454456
4967	0.00017587558823968283
4968	0.00016773762205852207
4969	0.0001595977470335318
4970	0.0001514555437454871
4971	0.00014330765858860104
4972	0.0001351577219587579
4973	0.00012700639895300598
4974	0.00011885325062637344
4975	0.00011069841911913548
4976	0.00010254174948609151
4977	0.00009438379016397849
4978	0.00008622386016510806
4979	0.0000780621526553364
4980	0.00006989888814463145
4981	0.00006864676195855587
4982	0.00006739445582620678
4983	0.00006614207425266283
4984	0.00006488959198399555
4985	0.0000636370287986155
4986	0.00006238436067030442
4987	0.00006113161611495483
4988	0.00005987877176747431
4989	0.00005862598720474112
4990	0.00005737288982569773
4991	0.000056126132702690814
4992	0.0000548790621683799
4993	0.00005363169023268035
4994	0.000052383865637074875
4995	0.00005113559739406674